%YAML:1.0
c12f: 6.6211881733285754e+03
c12a: 1.
c12x: 740.
c12y: 740.
c12R: !!opencv-matrix
   rows: 3
   cols: 3
   dt: f
   data: [ 1., 0., -2.98023224e-08, 0., 1., 0., 0., 0., 1. ]
c12t: !!opencv-matrix
   rows: 3
   cols: 1
   dt: d
   data: [ 0., 0., 0. ]
c21f: 6.9148734219538728e+03
c21a: 1.
c21x: 740.
c21y: 740.
c21R: !!opencv-matrix
   rows: 3
   cols: 3
   dt: f
   data: [ 9.89705145e-01, 1.25224246e-02, 1.42572686e-01, 0., 1., 0.,
       -1.42576456e-01, -5.94459474e-04, 9.89783645e-01 ]
c21t: !!opencv-matrix
   rows: 3
   cols: 1
   dt: d
   data: [ 0., 0., 0. ]
