%YAML:1.0
c12f: 8.3093272410380505e+03
c12a: 1.
c12x: 1233.
c12y: 753.
c12R: !!opencv-matrix
   rows: 3
   cols: 3
   dt: f
   data: [ 9.97411311e-01, -1.14916535e-02, -7.09831491e-02,
       -1.48413815e-09, 9.87147510e-01, -1.59811884e-01, 7.19073638e-02,
       1.59398213e-01, 9.84591961e-01 ]
c12t: !!opencv-matrix
   rows: 3
   cols: 1
   dt: d
   data: [ 0., 0., 0. ]
c21f: 8.5620620566847629e+03
c21a: 1.
c21x: 371.
c21y: 739.
c21R: !!opencv-matrix
   rows: 3
   cols: 3
   dt: f
   data: [ 9.97412086e-01, 1.14164427e-02, 7.09831715e-02,
       1.86264515e-09, 9.87312019e-01, -1.58792242e-01, -7.18953460e-02,
       1.58381328e-01, 9.84756887e-01 ]
c21t: !!opencv-matrix
   rows: 3
   cols: 1
   dt: d
   data: [ 0., 0., 0. ]
