%YAML:1.0
c12f: 1.4825139537438325e+04
c12a: 1.
c12x: 3.6950000000000000e+02
c12y: 739.
c12R: !!opencv-matrix
   rows: 3
   cols: 3
   dt: f
   data: [ 9.98901486e-01, 1.36557268e-02, -4.48249206e-02,
       -1.31353772e-09, 9.56594467e-01, 2.91422725e-01, 4.68588322e-02,
       -2.91102588e-01, 9.55543637e-01 ]
c12t: !!opencv-matrix
   rows: 3
   cols: 1
   dt: d
   data: [ 0., 0., 0. ]
c21f: 1.4604628126891454e+04
c21a: 1.
c21x: 1433.
c21y: 7.6550000000000000e+02
c21R: !!opencv-matrix
   rows: 3
   cols: 3
   dt: f
   data: [ 9.98901010e-01, -1.36917233e-02, 4.48249206e-02,
       3.72529030e-09, 9.56380188e-01, 2.92125195e-01, -4.68693636e-02,
       -2.91804135e-01, 9.55329120e-01 ]
c21t: !!opencv-matrix
   rows: 3
   cols: 1
   dt: d
   data: [ 0., 0., 0. ]
